1.399517059326171875e-04 2.719000000000000000e+03
2.570152282714843750e-04 2.713000000000000000e+03
3.299713134765625000e-04 2.717000000000000000e+03
3.988742828369140625e-04 2.711000000000000000e+03
4.689693450927734375e-04 2.713000000000000000e+03
5.378723144531250000e-04 2.711000000000000000e+03
6.098747253417968750e-04 2.715000000000000000e+03
6.799697875976562500e-04 2.715000000000000000e+03
7.517337799072265625e-04 2.710000000000000000e+03
8.230209350585937500e-04 2.714000000000000000e+03
8.969306945800781250e-04 2.711000000000000000e+03
9.658336639404296875e-04 2.711000000000000000e+03
1.036882400512695312e-03 2.716000000000000000e+03
1.107931137084960938e-03 2.718000000000000000e+03
1.178741455078125000e-03 2.719000000000000000e+03
1.246929168701171875e-03 2.719000000000000000e+03
1.315832138061523438e-03 2.721000000000000000e+03
1.386880874633789062e-03 2.723000000000000000e+03
1.455783843994140625e-03 2.722000000000000000e+03
1.556396484375000000e-02 2.721000000000000000e+03
7.561898231506347656e-02 2.722000000000000000e+03
1.847958564758300781e-01 2.723000000000000000e+03
2.832608222961425781e-01 2.719000000000000000e+03
3.935298919677734375e-01 2.720000000000000000e+03
4.892787933349609375e-01 2.719000000000000000e+03
5.930337905883789062e-01 2.721000000000000000e+03
6.770927906036376953e-01 2.720000000000000000e+03
7.898240089416503906e-01 2.720000000000000000e+03
8.971219062805175781e-01 2.718000000000000000e+03
9.760358333587646484e-01 2.719000000000000000e+03
1.085562705993652344e+00 2.721000000000000000e+03
1.184532880783081055e+00 2.723000000000000000e+03
1.283547878265380859e+00 2.723000000000000000e+03
1.393395900726318359e+00 2.720000000000000000e+03
1.476973056793212891e+00 2.723000000000000000e+03
1.591880798339843750e+00 2.721000000000000000e+03
1.675911903381347656e+00 2.723000000000000000e+03
1.776875972747802734e+00 2.724000000000000000e+03
1.885657072067260742e+00 2.722000000000000000e+03
1.984320878982543945e+00 2.721000000000000000e+03
2.083492755889892578e+00 2.717000000000000000e+03
2.193233728408813477e+00 2.722000000000000000e+03
2.277333021163940430e+00 2.722000000000000000e+03
2.389539718627929688e+00 2.724000000000000000e+03
2.473467826843261719e+00 2.722000000000000000e+03
2.598096847534179688e+00 2.721000000000000000e+03
2.672209739685058594e+00 2.723000000000000000e+03
2.784712791442871094e+00 2.719000000000000000e+03
2.893089056015014648e+00 2.723000000000000000e+03
3.004905939102172852e+00 2.723000000000000000e+03
3.073503971099853516e+00 2.720000000000000000e+03
3.183470010757446289e+00 2.727000000000000000e+03
3.285792827606201172e+00 2.723000000000000000e+03
3.371075868606567383e+00 2.720000000000000000e+03
3.479651689529418945e+00 2.725000000000000000e+03
3.582387924194335938e+00 2.719000000000000000e+03
3.689374923706054688e+00 2.720000000000000000e+03
3.784857749938964844e+00 2.723000000000000000e+03
3.873119831085205078e+00 2.720000000000000000e+03
3.993475675582885742e+00 2.722000000000000000e+03
4.078336000442504883e+00 2.722000000000000000e+03
4.180660963058471680e+00 2.725000000000000000e+03
4.271918773651123047e+00 2.725000000000000000e+03
4.382363796234130859e+00 2.723000000000000000e+03
4.491169929504394531e+00 2.724000000000000000e+03
4.576111793518066406e+00 2.723000000000000000e+03
4.684628963470458984e+00 2.722000000000000000e+03
4.857075929641723633e+00 2.721000000000000000e+03
4.890701055526733398e+00 2.721000000000000000e+03
4.974855899810791016e+00 2.721000000000000000e+03
5.103665828704833984e+00 2.718000000000000000e+03
5.190974950790405273e+00 2.719000000000000000e+03
5.274410009384155273e+00 2.720000000000000000e+03
5.385903835296630859e+00 2.715000000000000000e+03
5.469879865646362305e+00 2.723000000000000000e+03
5.578651905059814453e+00 2.718000000000000000e+03
5.669935703277587891e+00 2.720000000000000000e+03
5.785854816436767578e+00 2.720000000000000000e+03
5.869400024414062500e+00 2.721000000000000000e+03
5.970748901367187500e+00 2.715000000000000000e+03
6.079941749572753906e+00 2.718000000000000000e+03
6.175935983657836914e+00 2.720000000000000000e+03
6.291929721832275391e+00 2.720000000000000000e+03
6.375901937484741211e+00 2.718000000000000000e+03
6.476202964782714844e+00 2.717000000000000000e+03
6.574483871459960938e+00 2.719000000000000000e+03
6.672210931777954102e+00 2.717000000000000000e+03
6.825820922851562500e+00 2.718000000000000000e+03
6.890712022781372070e+00 2.718000000000000000e+03
6.973266839981079102e+00 2.719000000000000000e+03
7.125670909881591797e+00 2.718000000000000000e+03
7.171248912811279297e+00 2.724000000000000000e+03
7.278693914413452148e+00 2.717000000000000000e+03
7.433392763137817383e+00 2.718000000000000000e+03
7.492079734802246094e+00 2.713000000000000000e+03
7.576215028762817383e+00 2.714000000000000000e+03
7.673320770263671875e+00 2.719000000000000000e+03
7.772389888763427734e+00 2.721000000000000000e+03
7.880029916763305664e+00 2.726000000000000000e+03
8.030896902084350586e+00 2.725000000000000000e+03
8.077264785766601562e+00 2.726000000000000000e+03
8.184671878814697266e+00 2.723000000000000000e+03
8.275986909866333008e+00 2.721000000000000000e+03
8.388694047927856445e+00 2.717000000000000000e+03
8.471036911010742188e+00 2.721000000000000000e+03
8.571417093276977539e+00 2.724000000000000000e+03
8.682261943817138672e+00 2.725000000000000000e+03
8.778347015380859375e+00 2.724000000000000000e+03
8.928406953811645508e+00 2.725000000000000000e+03
8.979629039764404297e+00 2.723000000000000000e+03
9.073530912399291992e+00 2.721000000000000000e+03
9.223395109176635742e+00 2.723000000000000000e+03
9.324668884277343750e+00 2.725000000000000000e+03
9.382173776626586914e+00 2.726000000000000000e+03
9.532204866409301758e+00 2.730000000000000000e+03
9.578876733779907227e+00 2.730000000000000000e+03
9.688829898834228516e+00 2.722000000000000000e+03
9.772605895996093750e+00 2.727000000000000000e+03
9.894606113433837891e+00 2.731000000000000000e+03
9.977155685424804688e+00 2.729000000000000000e+03
1.013240385055541992e+01 2.729000000000000000e+03
1.016988372802734375e+01 2.731000000000000000e+03
1.027863502502441406e+01 2.730000000000000000e+03
1.037844610214233398e+01 2.729000000000000000e+03
1.047849488258361816e+01 2.732000000000000000e+03
1.058738398551940918e+01 2.731000000000000000e+03
1.073347878456115723e+01 2.730000000000000000e+03
1.079077768325805664e+01 2.731000000000000000e+03
1.088583278656005859e+01 2.730000000000000000e+03
1.097079396247863770e+01 2.731000000000000000e+03
1.106958270072937012e+01 2.730000000000000000e+03
1.119254970550537109e+01 2.734000000000000000e+03
1.139256286621093750e+01 2.736000000000000000e+03
1.139503884315490723e+01 2.734000000000000000e+03
1.148599386215209961e+01 2.738000000000000000e+03
1.156959271430969238e+01 2.739000000000000000e+03
1.166959095001220703e+01 2.742000000000000000e+03
1.178630495071411133e+01 2.739000000000000000e+03
1.193332290649414062e+01 2.744000000000000000e+03
1.197212290763854980e+01 2.740000000000000000e+03
1.209088897705078125e+01 2.741000000000000000e+03
1.217384982109069824e+01 2.739000000000000000e+03
1.229266571998596191e+01 2.742000000000000000e+03
1.237727093696594238e+01 2.741000000000000000e+03
1.253379583358764648e+01 2.741000000000000000e+03
1.258765888214111328e+01 2.743000000000000000e+03
1.266989278793334961e+01 2.739000000000000000e+03
1.279725098609924316e+01 2.741000000000000000e+03
1.288878893852233887e+01 2.745000000000000000e+03
1.298959779739379883e+01 2.743000000000000000e+03
1.307351803779602051e+01 2.745000000000000000e+03
1.318249392509460449e+01 2.750000000000000000e+03
1.329090571403503418e+01 2.749000000000000000e+03
1.337121677398681641e+01 2.745000000000000000e+03
1.348613405227661133e+01 2.750000000000000000e+03
1.358085870742797852e+01 2.747000000000000000e+03
1.373086094856262207e+01 2.749000000000000000e+03
1.377508091926574707e+01 2.747000000000000000e+03
1.388380002975463867e+01 2.749000000000000000e+03
1.397000908851623535e+01 2.751000000000000000e+03
1.407512378692626953e+01 2.743000000000000000e+03
1.417208480834960938e+01 2.750000000000000000e+03
1.433639597892761230e+01 2.750000000000000000e+03
1.438259387016296387e+01 2.747000000000000000e+03
1.450263881683349609e+01 2.748000000000000000e+03
1.456960892677307129e+01 2.749000000000000000e+03
1.468092679977416992e+01 2.747000000000000000e+03
1.477467179298400879e+01 2.750000000000000000e+03
1.488495302200317383e+01 2.747000000000000000e+03
1.502096486091613770e+01 2.747000000000000000e+03
1.509339070320129395e+01 2.750000000000000000e+03
1.517839193344116211e+01 2.751000000000000000e+03
1.528101873397827148e+01 2.751000000000000000e+03
1.538393068313598633e+01 2.751000000000000000e+03
1.549249482154846191e+01 2.752000000000000000e+03
1.559139490127563477e+01 2.752000000000000000e+03
1.567731499671936035e+01 2.757000000000000000e+03
1.579497385025024414e+01 2.752000000000000000e+03
1.587858986854553223e+01 2.758000000000000000e+03
1.597967982292175293e+01 2.752000000000000000e+03
1.608851671218872070e+01 2.757000000000000000e+03
1.619389271736145020e+01 2.755000000000000000e+03
1.627715396881103516e+01 2.754000000000000000e+03
1.638766789436340332e+01 2.757000000000000000e+03
1.648642683029174805e+01 2.759000000000000000e+03
1.656973791122436523e+01 2.759000000000000000e+03
1.666970491409301758e+01 2.759000000000000000e+03
1.679267978668212891e+01 2.757000000000000000e+03
1.686999988555908203e+01 2.756000000000000000e+03
1.697849488258361816e+01 2.754000000000000000e+03
1.707971286773681641e+01 2.758000000000000000e+03
1.718847680091857910e+01 2.757000000000000000e+03
1.727347683906555176e+01 2.755000000000000000e+03
1.740970683097839355e+01 2.759000000000000000e+03
1.747600197792053223e+01 2.757000000000000000e+03
1.758522176742553711e+01 2.765000000000000000e+03
1.768466091156005859e+01 2.763000000000000000e+03
1.779360485076904297e+01 2.761000000000000000e+03
1.787714290618896484e+01 2.761000000000000000e+03
1.797423696517944336e+01 2.760000000000000000e+03
1.806975388526916504e+01 2.758000000000000000e+03
1.817975592613220215e+01 2.762000000000000000e+03
1.828110790252685547e+01 2.762000000000000000e+03
1.839101481437683105e+01 2.755000000000000000e+03
1.847893786430358887e+01 2.763000000000000000e+03
1.857977175712585449e+01 2.766000000000000000e+03
1.871998476982116699e+01 2.766000000000000000e+03
1.876976299285888672e+01 2.768000000000000000e+03
1.887876772880554199e+01 2.766000000000000000e+03
1.899134087562561035e+01 2.768000000000000000e+03
1.907521200180053711e+01 2.767000000000000000e+03
1.917880582809448242e+01 2.768000000000000000e+03
1.931776690483093262e+01 2.772000000000000000e+03
1.938861274719238281e+01 2.774000000000000000e+03
1.949728584289550781e+01 2.778000000000000000e+03
1.959277796745300293e+01 2.778000000000000000e+03
1.968978476524353027e+01 2.785000000000000000e+03
1.978519988059997559e+01 2.784000000000000000e+03
1.988369464874267578e+01 2.781000000000000000e+03
1.999267506599426270e+01 2.774000000000000000e+03
2.009400177001953125e+01 2.775000000000000000e+03
2.017008686065673828e+01 2.782000000000000000e+03
2.027993178367614746e+01 2.786000000000000000e+03
2.038906168937683105e+01 2.786000000000000000e+03
2.048522591590881348e+01 2.778000000000000000e+03
2.057651782035827637e+01 2.787000000000000000e+03
2.068011069297790527e+01 2.789000000000000000e+03
2.079476094245910645e+01 2.787000000000000000e+03
2.088728380203247070e+01 2.789000000000000000e+03
2.098477888107299805e+01 2.787000000000000000e+03
2.107605195045471191e+01 2.780000000000000000e+03
2.118755984306335449e+01 2.781000000000000000e+03
2.129256486892700195e+01 2.785000000000000000e+03
2.137610292434692383e+01 2.788000000000000000e+03
2.148650908470153809e+01 2.791000000000000000e+03
2.158613872528076172e+01 2.788000000000000000e+03
2.167101287841796875e+01 2.794000000000000000e+03
2.178110003471374512e+01 2.789000000000000000e+03
2.187870383262634277e+01 2.787000000000000000e+03
2.198261094093322754e+01 2.789000000000000000e+03
2.208409905433654785e+01 2.794000000000000000e+03
2.217888998985290527e+01 2.790000000000000000e+03
2.231485390663146973e+01 2.789000000000000000e+03
2.237484884262084961e+01 2.789000000000000000e+03
2.247620773315429688e+01 2.785000000000000000e+03
2.258744072914123535e+01 2.783000000000000000e+03
2.267131590843200684e+01 2.785000000000000000e+03
2.278890180587768555e+01 2.789000000000000000e+03
2.288530302047729492e+01 2.789000000000000000e+03
2.297856879234313965e+01 2.792000000000000000e+03
2.308774089813232422e+01 2.789000000000000000e+03
2.318032193183898926e+01 2.785000000000000000e+03
2.329374480247497559e+01 2.784000000000000000e+03
2.338534593582153320e+01 2.779000000000000000e+03
2.347028088569641113e+01 2.784000000000000000e+03
2.358667373657226562e+01 2.786000000000000000e+03
2.369737792015075684e+01 2.785000000000000000e+03
2.378123998641967773e+01 2.782000000000000000e+03
2.386957478523254395e+01 2.775000000000000000e+03
2.398624205589294434e+01 2.783000000000000000e+03
2.407389998435974121e+01 2.784000000000000000e+03
2.418285179138183594e+01 2.787000000000000000e+03
2.428514194488525391e+01 2.785000000000000000e+03
2.438286375999450684e+01 2.785000000000000000e+03
2.448639798164367676e+01 2.793000000000000000e+03
2.457118368148803711e+01 2.811000000000000000e+03
2.468786787986755371e+01 2.802000000000000000e+03
2.479613375663757324e+01 2.774000000000000000e+03
2.492364382743835449e+01 2.759000000000000000e+03
2.498981499671936035e+01 2.747000000000000000e+03
2.508140683174133301e+01 2.766000000000000000e+03
2.519384384155273438e+01 2.799000000000000000e+03
2.527783799171447754e+01 2.867000000000000000e+03
2.539163684844970703e+01 2.998000000000000000e+03
2.549035692214965820e+01 3.047000000000000000e+03
2.557385969161987305e+01 3.088000000000000000e+03
2.569038891792297363e+01 3.122000000000000000e+03
2.578926587104797363e+01 3.177000000000000000e+03
2.588541173934936523e+01 3.206000000000000000e+03
2.599039483070373535e+01 3.060000000000000000e+03
2.607404994964599609e+01 2.775000000000000000e+03
2.617116093635559082e+01 2.758000000000000000e+03
2.628165674209594727e+01 2.778000000000000000e+03
2.638148188591003418e+01 3.015000000000000000e+03
2.647777295112609863e+01 3.090000000000000000e+03
2.657367706298828125e+01 3.010000000000000000e+03
2.667875671386718750e+01 3.033000000000000000e+03
2.677997183799743652e+01 3.069000000000000000e+03
2.689153885841369629e+01 3.063000000000000000e+03
2.700667786598205566e+01 3.061000000000000000e+03
2.709400177001953125e+01 3.047000000000000000e+03
2.717778301239013672e+01 3.012000000000000000e+03
2.727622699737548828e+01 3.119000000000000000e+03
2.738669681549072266e+01 3.136000000000000000e+03
2.747791004180908203e+01 3.070000000000000000e+03
2.758545303344726562e+01 3.106000000000000000e+03
2.767373180389404297e+01 3.088000000000000000e+03
2.778259396553039551e+01 3.061000000000000000e+03
2.788388776779174805e+01 2.973000000000000000e+03
2.797369480133056641e+01 2.917000000000000000e+03
2.808293199539184570e+01 2.885000000000000000e+03
2.818923282623291016e+01 2.869000000000000000e+03
2.828277873992919922e+01 2.864000000000000000e+03
2.839118266105651855e+01 2.865000000000000000e+03
2.849250388145446777e+01 2.867000000000000000e+03
2.857000589370727539e+01 2.871000000000000000e+03
2.867879486083984375e+01 2.864000000000000000e+03
2.877644801139831543e+01 2.858000000000000000e+03
2.888796591758728027e+01 2.855000000000000000e+03
2.897247195243835449e+01 2.853000000000000000e+03
2.907400703430175781e+01 2.861000000000000000e+03
2.919516587257385254e+01 2.858000000000000000e+03
2.932370400428771973e+01 2.864000000000000000e+03
2.938380789756774902e+01 2.866000000000000000e+03
2.947573709487915039e+01 2.865000000000000000e+03
2.957375097274780273e+01 2.866000000000000000e+03
2.967271089553833008e+01 2.864000000000000000e+03
2.978258991241455078e+01 2.867000000000000000e+03
2.988923168182373047e+01 2.870000000000000000e+03
3.000499200820922852e+01 2.866000000000000000e+03
