2.112388610839843750e-04 2.688000000000000000e+03
3.502368927001953125e-04 2.688000000000000000e+03
4.370212554931640625e-04 2.688000000000000000e+03
5.202293395996093750e-04 2.688000000000000000e+03
6.561279296875000000e-04 2.687000000000000000e+03
7.879734039306640625e-04 2.687000000000000000e+03
8.800029754638671875e-04 2.687000000000000000e+03
9.641647338867187500e-04 2.688000000000000000e+03
1.054286956787109375e-03 2.686000000000000000e+03
1.137018203735351562e-03 2.687000000000000000e+03
1.219034194946289062e-03 2.688000000000000000e+03
1.299142837524414062e-03 2.687000000000000000e+03
1.383066177368164062e-03 2.688000000000000000e+03
1.465082168579101562e-03 2.686000000000000000e+03
1.545906066894531250e-03 2.688000000000000000e+03
1.626014709472656250e-03 2.688000000000000000e+03
1.704216003417968750e-03 2.687000000000000000e+03
1.784086227416992188e-03 2.687000000000000000e+03
1.863241195678710938e-03 2.688000000000000000e+03
1.940965652465820312e-03 2.687000000000000000e+03
2.020120620727539062e-03 2.688000000000000000e+03
2.098083496093750000e-03 2.688000000000000000e+03
2.202987670898437500e-03 2.686000000000000000e+03
2.298116683959960938e-03 2.688000000000000000e+03
2.379894256591796875e-03 2.687000000000000000e+03
2.459049224853515625e-03 2.688000000000000000e+03
2.621173858642578125e-03 2.688000000000000000e+03
2.757072448730468750e-03 2.688000000000000000e+03
2.837896347045898438e-03 2.689000000000000000e+03
8.121204376220703125e-02 2.688000000000000000e+03
1.925010681152343750e-01 2.688000000000000000e+03
2.759239673614501953e-01 2.688000000000000000e+03
3.723630905151367188e-01 2.688000000000000000e+03
4.749851226806640625e-01 2.693000000000000000e+03
5.838000774383544922e-01 2.689000000000000000e+03
6.960830688476562500e-01 2.701000000000000000e+03
7.796599864959716797e-01 2.691000000000000000e+03
8.937180042266845703e-01 2.690000000000000000e+03
9.964089393615722656e-01 2.704000000000000000e+03
1.080030202865600586e+00 2.692000000000000000e+03
1.237154006958007812e+00 2.690000000000000000e+03
1.273612976074218750e+00 2.693000000000000000e+03
1.377512216567993164e+00 2.690000000000000000e+03
1.486171007156372070e+00 2.692000000000000000e+03
1.585192203521728516e+00 2.690000000000000000e+03
1.688805103302001953e+00 2.691000000000000000e+03
1.783850908279418945e+00 2.692000000000000000e+03
1.891134262084960938e+00 2.691000000000000000e+03
1.988945007324218750e+00 2.693000000000000000e+03
2.074992179870605469e+00 2.691000000000000000e+03
2.197417974472045898e+00 2.694000000000000000e+03
2.280958175659179688e+00 2.693000000000000000e+03
2.433958053588867188e+00 2.690000000000000000e+03
2.488586902618408203e+00 2.691000000000000000e+03
2.572453022003173828e+00 2.693000000000000000e+03
2.682687997817993164e+00 2.692000000000000000e+03
2.791016101837158203e+00 2.690000000000000000e+03
2.874877214431762695e+00 2.690000000000000000e+03
2.993438959121704102e+00 2.692000000000000000e+03
3.095240116119384766e+00 2.691000000000000000e+03
3.181299209594726562e+00 2.691000000000000000e+03
3.290153264999389648e+00 2.690000000000000000e+03
3.377520084381103516e+00 2.691000000000000000e+03
3.486158132553100586e+00 2.693000000000000000e+03
3.636026144027709961e+00 2.690000000000000000e+03
3.671069145202636719e+00 2.685000000000000000e+03
3.784842967987060547e+00 2.690000000000000000e+03
3.893419981002807617e+00 2.691000000000000000e+03
3.976002931594848633e+00 2.690000000000000000e+03
4.084689140319824219e+00 2.693000000000000000e+03
4.236294031143188477e+00 2.693000000000000000e+03
4.288635015487670898e+00 2.694000000000000000e+03
4.391097068786621094e+00 2.693000000000000000e+03
4.476229190826416016e+00 2.691000000000000000e+03
4.575136899948120117e+00 2.691000000000000000e+03
4.695245981216430664e+00 2.692000000000000000e+03
4.781069993972778320e+00 2.693000000000000000e+03
4.881342887878417969e+00 2.691000000000000000e+03
4.990172147750854492e+00 2.691000000000000000e+03
5.074014186859130859e+00 2.693000000000000000e+03
5.172613143920898438e+00 2.691000000000000000e+03
5.273816108703613281e+00 2.691000000000000000e+03
5.382741928100585938e+00 2.695000000000000000e+03
5.475139141082763672e+00 2.695000000000000000e+03
5.578526973724365234e+00 2.695000000000000000e+03
5.676011085510253906e+00 2.695000000000000000e+03
5.776484012603759766e+00 2.693000000000000000e+03
5.880138874053955078e+00 2.689000000000000000e+03
5.991425037384033203e+00 2.685000000000000000e+03
6.086110115051269531e+00 2.681000000000000000e+03
6.195300102233886719e+00 2.682000000000000000e+03
6.280256032943725586e+00 2.677000000000000000e+03
6.379003047943115234e+00 2.682000000000000000e+03
6.497771978378295898e+00 2.678000000000000000e+03
6.581523180007934570e+00 2.679000000000000000e+03
6.680201292037963867e+00 2.681000000000000000e+03
6.816638946533203125e+00 2.682000000000000000e+03
6.875273942947387695e+00 2.679000000000000000e+03
6.988954067230224609e+00 2.679000000000000000e+03
7.073916196823120117e+00 2.675000000000000000e+03
7.174093961715698242e+00 2.676000000000000000e+03
7.275273084640502930e+00 2.677000000000000000e+03
7.394044160842895508e+00 2.676000000000000000e+03
7.481042146682739258e+00 2.679000000000000000e+03
7.579780101776123047e+00 2.677000000000000000e+03
7.700633049011230469e+00 2.679000000000000000e+03
7.788737058639526367e+00 2.678000000000000000e+03
7.885313987731933594e+00 2.678000000000000000e+03
7.994914054870605469e+00 2.661000000000000000e+03
8.090355157852172852e+00 2.681000000000000000e+03
8.199100017547607422e+00 2.681000000000000000e+03
8.290173053741455078e+00 2.679000000000000000e+03
8.371309995651245117e+00 2.681000000000000000e+03
8.482892036437988281e+00 2.682000000000000000e+03
8.593661069869995117e+00 2.682000000000000000e+03
8.681612014770507812e+00 2.685000000000000000e+03
8.807824134826660156e+00 2.681000000000000000e+03
8.911569118499755859e+00 2.685000000000000000e+03
8.991598129272460938e+00 2.685000000000000000e+03
9.074076175689697266e+00 2.685000000000000000e+03
9.183906078338623047e+00 2.683000000000000000e+03
9.338731050491333008e+00 2.685000000000000000e+03
9.386253118515014648e+00 2.682000000000000000e+03
9.495326280593872070e+00 2.686000000000000000e+03
9.590388298034667969e+00 2.686000000000000000e+03
9.685143947601318359e+00 2.686000000000000000e+03
9.795448064804077148e+00 2.685000000000000000e+03
9.883898019790649414e+00 2.686000000000000000e+03
9.978971004486083984e+00 2.686000000000000000e+03
1.010748624801635742e+01 2.688000000000000000e+03
1.018536591529846191e+01 2.687000000000000000e+03
1.028888916969299316e+01 2.688000000000000000e+03
1.037397122383117676e+01 2.687000000000000000e+03
1.048291397094726562e+01 2.688000000000000000e+03
1.061873197555541992e+01 2.688000000000000000e+03
1.067126917839050293e+01 2.688000000000000000e+03
1.078038287162780762e+01 2.688000000000000000e+03
1.088412690162658691e+01 2.688000000000000000e+03
1.099287605285644531e+01 2.688000000000000000e+03
1.107660698890686035e+01 2.688000000000000000e+03
1.118023610115051270e+01 2.691000000000000000e+03
1.129536914825439453e+01 2.691000000000000000e+03
1.138164114952087402e+01 2.691000000000000000e+03
1.148291206359863281e+01 2.687000000000000000e+03
1.158163309097290039e+01 2.688000000000000000e+03
1.169161796569824219e+01 2.688000000000000000e+03
1.178902220726013184e+01 2.688000000000000000e+03
1.187367320060729980e+01 2.686000000000000000e+03
1.198038697242736816e+01 2.688000000000000000e+03
1.209039807319641113e+01 2.688000000000000000e+03
1.218165183067321777e+01 2.688000000000000000e+03
1.229031109809875488e+01 2.688000000000000000e+03
1.239052104949951172e+01 2.684000000000000000e+03
1.247544693946838379e+01 2.683000000000000000e+03
1.258614611625671387e+01 2.686000000000000000e+03
1.267863798141479492e+01 2.686000000000000000e+03
1.278772807121276855e+01 2.687000000000000000e+03
1.289052700996398926e+01 2.685000000000000000e+03
1.299540305137634277e+01 2.687000000000000000e+03
1.307869791984558105e+01 2.686000000000000000e+03
1.325258994102478027e+01 2.685000000000000000e+03
1.331749224662780762e+01 2.689000000000000000e+03
1.337013125419616699e+01 2.693000000000000000e+03
1.348761320114135742e+01 2.696000000000000000e+03
1.358629608154296875e+01 2.701000000000000000e+03
1.367163300514221191e+01 2.702000000000000000e+03
1.377929210662841797e+01 2.695000000000000000e+03
1.387662792205810547e+01 2.689000000000000000e+03
1.399660992622375488e+01 2.689000000000000000e+03
1.407928800582885742e+01 2.689000000000000000e+03
1.418005609512329102e+01 2.690000000000000000e+03
1.430131292343139648e+01 2.690000000000000000e+03
1.438423109054565430e+01 2.689000000000000000e+03
1.449042296409606934e+01 2.691000000000000000e+03
1.457514309883117676e+01 2.692000000000000000e+03
1.468415093421936035e+01 2.690000000000000000e+03
1.479055809974670410e+01 2.688000000000000000e+03
1.487296605110168457e+01 2.691000000000000000e+03
1.498294305801391602e+01 2.691000000000000000e+03
1.509294414520263672e+01 2.690000000000000000e+03
1.519297814369201660e+01 2.690000000000000000e+03
1.527546405792236328e+01 2.692000000000000000e+03
1.537260317802429199e+01 2.693000000000000000e+03
1.548636794090270996e+01 2.693000000000000000e+03
1.563758802413940430e+01 2.690000000000000000e+03
1.567396306991577148e+01 2.693000000000000000e+03
1.577532100677490234e+01 2.690000000000000000e+03
1.588303828239440918e+01 2.694000000000000000e+03
1.599159216880798340e+01 2.695000000000000000e+03
1.608548498153686523e+01 2.692000000000000000e+03
1.623642301559448242e+01 2.693000000000000000e+03
1.627533721923828125e+01 2.693000000000000000e+03
1.640029096603393555e+01 2.695000000000000000e+03
1.647136306762695312e+01 2.692000000000000000e+03
1.658378410339355469e+01 2.693000000000000000e+03
1.669300293922424316e+01 2.693000000000000000e+03
1.678048992156982422e+01 2.689000000000000000e+03
1.688300108909606934e+01 2.691000000000000000e+03
1.699515891075134277e+01 2.692000000000000000e+03
1.707947111129760742e+01 2.688000000000000000e+03
1.719541192054748535e+01 2.691000000000000000e+03
1.727927207946777344e+01 2.688000000000000000e+03
1.737175488471984863e+01 2.697000000000000000e+03
1.747541713714599609e+01 2.699000000000000000e+03
1.758802509307861328e+01 2.704000000000000000e+03
1.767289805412292480e+01 2.704000000000000000e+03
1.777147603034973145e+01 2.704000000000000000e+03
1.787999892234802246e+01 2.704000000000000000e+03
1.803010916709899902e+01 2.693000000000000000e+03
1.807133722305297852e+01 2.704000000000000000e+03
1.818053221702575684e+01 2.704000000000000000e+03
1.833051800727844238e+01 2.702000000000000000e+03
1.839764404296875000e+01 2.704000000000000000e+03
1.849514317512512207e+01 2.704000000000000000e+03
1.858013200759887695e+01 2.703000000000000000e+03
1.869304609298706055e+01 2.694000000000000000e+03
1.877563786506652832e+01 2.704000000000000000e+03
1.888317990303039551e+01 2.704000000000000000e+03
1.898776221275329590e+01 2.704000000000000000e+03
1.907046222686767578e+01 2.707000000000000000e+03
1.918016600608825684e+01 2.706000000000000000e+03
1.927764296531677246e+01 2.706000000000000000e+03
1.937302112579345703e+01 2.709000000000000000e+03
1.948315000534057617e+01 2.705000000000000000e+03
1.958380317687988281e+01 2.707000000000000000e+03
1.969056105613708496e+01 2.708000000000000000e+03
1.977530407905578613e+01 2.707000000000000000e+03
1.987931418418884277e+01 2.705000000000000000e+03
1.997681403160095215e+01 2.702000000000000000e+03
2.008757305145263672e+01 2.707000000000000000e+03
2.019065594673156738e+01 2.707000000000000000e+03
2.029154920578002930e+01 2.707000000000000000e+03
2.037169599533081055e+01 2.704000000000000000e+03
2.048670506477355957e+01 2.704000000000000000e+03
2.059015321731567383e+01 2.704000000000000000e+03
2.067412185668945312e+01 2.704000000000000000e+03
2.077262306213378906e+01 2.704000000000000000e+03
2.088890099525451660e+01 2.705000000000000000e+03
2.098170304298400879e+01 2.704000000000000000e+03
2.108646702766418457e+01 2.704000000000000000e+03
2.119560003280639648e+01 2.704000000000000000e+03
2.127674603462219238e+01 2.694000000000000000e+03
2.137686228752136230e+01 2.695000000000000000e+03
2.148543405532836914e+01 2.699000000000000000e+03
2.163794207572937012e+01 2.698000000000000000e+03
2.167163300514221191e+01 2.701000000000000000e+03
2.178187417984008789e+01 2.697000000000000000e+03
2.189311003684997559e+01 2.700000000000000000e+03
2.198565912246704102e+01 2.699000000000000000e+03
2.209436202049255371e+01 2.699000000000000000e+03
2.218311214447021484e+01 2.701000000000000000e+03
2.228176498413085938e+01 2.699000000000000000e+03
2.239049100875854492e+01 2.695000000000000000e+03
2.247415494918823242e+01 2.699000000000000000e+03
2.257391500473022461e+01 2.693000000000000000e+03
2.269396710395812988e+01 2.697000000000000000e+03
2.278661489486694336e+01 2.693000000000000000e+03
2.288191103935241699e+01 2.693000000000000000e+03
2.297174906730651855e+01 2.692000000000000000e+03
2.308547711372375488e+01 2.692000000000000000e+03
2.318553304672241211e+01 2.691000000000000000e+03
2.329440808296203613e+01 2.690000000000000000e+03
2.337940907478332520e+01 2.691000000000000000e+03
2.350012111663818359e+01 2.690000000000000000e+03
2.358395910263061523e+01 2.690000000000000000e+03
2.373515319824218750e+01 2.689000000000000000e+03
2.379514527320861816e+01 2.693000000000000000e+03
2.388691020011901855e+01 2.694000000000000000e+03
2.397177219390869141e+01 2.694000000000000000e+03
2.409025406837463379e+01 2.696000000000000000e+03
2.417690896987915039e+01 2.703000000000000000e+03
2.428519105911254883e+01 2.704000000000000000e+03
2.438520407676696777e+01 2.707000000000000000e+03
2.449393916130065918e+01 2.707000000000000000e+03
2.457893300056457520e+01 2.711000000000000000e+03
2.467943906784057617e+01 2.706000000000000000e+03
2.479643321037292480e+01 2.704000000000000000e+03
2.487394404411315918e+01 2.703000000000000000e+03
2.497521805763244629e+01 2.701000000000000000e+03
2.508692407608032227e+01 2.695000000000000000e+03
2.518147301673889160e+01 2.690000000000000000e+03
2.528156995773315430e+01 2.687000000000000000e+03
2.539145326614379883e+01 2.683000000000000000e+03
2.547534298896789551e+01 2.681000000000000000e+03
2.557404899597167969e+01 2.684000000000000000e+03
2.569176697731018066e+01 2.682000000000000000e+03
2.577557015419006348e+01 2.683000000000000000e+03
2.587418913841247559e+01 2.681000000000000000e+03
2.598320817947387695e+01 2.683000000000000000e+03
2.609195208549499512e+01 2.683000000000000000e+03
2.620823216438293457e+01 2.686000000000000000e+03
2.629526495933532715e+01 2.684000000000000000e+03
2.637894606590270996e+01 2.685000000000000000e+03
2.647961592674255371e+01 2.685000000000000000e+03
2.657401204109191895e+01 2.685000000000000000e+03
2.668321394920349121e+01 2.686000000000000000e+03
2.677185988426208496e+01 2.684000000000000000e+03
2.689322996139526367e+01 2.685000000000000000e+03
2.697897005081176758e+01 2.683000000000000000e+03
2.707937407493591309e+01 2.685000000000000000e+03
2.718940114974975586e+01 2.683000000000000000e+03
2.728949499130249023e+01 2.682000000000000000e+03
2.738902282714843750e+01 2.686000000000000000e+03
2.749075412750244141e+01 2.686000000000000000e+03
2.757534098625183105e+01 2.685000000000000000e+03
2.767442107200622559e+01 2.687000000000000000e+03
2.778581714630126953e+01 2.682000000000000000e+03
2.793664503097534180e+01 2.682000000000000000e+03
2.797157406806945801e+01 2.686000000000000000e+03
2.808200693130493164e+01 2.683000000000000000e+03
2.819202494621276855e+01 2.682000000000000000e+03
2.830442595481872559e+01 2.679000000000000000e+03
2.838809323310852051e+01 2.679000000000000000e+03
2.847313404083251953e+01 2.681000000000000000e+03
2.858401608467102051e+01 2.679000000000000000e+03
2.869326615333557129e+01 2.677000000000000000e+03
2.877953410148620605e+01 2.681000000000000000e+03
2.887816214561462402e+01 2.676000000000000000e+03
2.899418592453002930e+01 2.673000000000000000e+03
2.908080983161926270e+01 2.677000000000000000e+03
2.917953824996948242e+01 2.677000000000000000e+03
2.927573204040527344e+01 2.675000000000000000e+03
2.937429714202880859e+01 2.676000000000000000e+03
2.947321796417236328e+01 2.676000000000000000e+03
2.958777689933776855e+01 2.675000000000000000e+03
2.967149519920349121e+01 2.677000000000000000e+03
2.977578306198120117e+01 2.673000000000000000e+03
2.987454295158386230e+01 2.675000000000000000e+03
3.004942989349365234e+01 2.672000000000000000e+03
