2.768039703369140625e-04 2.626000000000000000e+03
5.209445953369140625e-04 2.618000000000000000e+03
6.759166717529296875e-04 2.618000000000000000e+03
8.270740509033203125e-04 2.618000000000000000e+03
9.999275207519531250e-04 2.626000000000000000e+03
1.112937927246093750e-03 2.624000000000000000e+03
1.199960708618164062e-03 4.095000000000000000e+03
1.287937164306640625e-03 4.095000000000000000e+03
1.380920410156250000e-03 4.095000000000000000e+03
1.471996307373046875e-03 4.095000000000000000e+03
1.566886901855468750e-03 4.095000000000000000e+03
1.653909683227539062e-03 4.095000000000000000e+03
1.740932464599609375e-03 4.095000000000000000e+03
1.830101013183593750e-03 4.095000000000000000e+03
1.914978027343750000e-03 4.095000000000000000e+03
1.998901367187500000e-03 4.095000000000000000e+03
2.084016799926757812e-03 4.095000000000000000e+03
2.172708511352539062e-03 4.095000000000000000e+03
2.257823944091796875e-03 4.095000000000000000e+03
2.342700958251953125e-03 4.095000000000000000e+03
2.428054809570312500e-03 4.095000000000000000e+03
2.512931823730468750e-03 4.095000000000000000e+03
2.598762512207031250e-03 4.095000000000000000e+03
2.684116363525390625e-03 4.095000000000000000e+03
2.770900726318359375e-03 4.095000000000000000e+03
2.857923507690429688e-03 4.095000000000000000e+03
2.943992614746093750e-03 4.095000000000000000e+03
3.031015396118164062e-03 4.095000000000000000e+03
3.116846084594726562e-03 4.095000000000000000e+03
3.201961517333984375e-03 4.095000000000000000e+03
6.802797317504882812e-02 4.095000000000000000e+03
1.742041110992431641e-01 4.095000000000000000e+03
2.583777904510498047e-01 4.095000000000000000e+03
3.668127059936523438e-01 4.095000000000000000e+03
4.634239673614501953e-01 4.095000000000000000e+03
5.717370510101318359e-01 4.095000000000000000e+03
6.720480918884277344e-01 4.095000000000000000e+03
7.558829784393310547e-01 4.095000000000000000e+03
8.642218112945556641e-01 4.095000000000000000e+03
1.012168884277343750e+00 4.095000000000000000e+03
1.056838035583496094e+00 4.095000000000000000e+03
1.166693925857543945e+00 4.095000000000000000e+03
1.266789913177490234e+00 4.095000000000000000e+03
1.360913038253784180e+00 4.095000000000000000e+03
1.470507860183715820e+00 4.095000000000000000e+03
1.622128009796142578e+00 4.095000000000000000e+03
1.676842927932739258e+00 4.095000000000000000e+03
1.780505895614624023e+00 4.095000000000000000e+03
1.859273910522460938e+00 4.095000000000000000e+03
1.976812839508056641e+00 4.095000000000000000e+03
2.084278821945190430e+00 4.095000000000000000e+03
2.194396734237670898e+00 4.095000000000000000e+03
2.261826992034912109e+00 4.095000000000000000e+03
2.370800971984863281e+00 4.095000000000000000e+03
2.470659971237182617e+00 4.095000000000000000e+03
2.575834989547729492e+00 4.095000000000000000e+03
2.662131786346435547e+00 4.095000000000000000e+03
2.788349866867065430e+00 4.095000000000000000e+03
2.879690885543823242e+00 4.095000000000000000e+03
2.959328889846801758e+00 4.095000000000000000e+03
3.060657739639282227e+00 4.095000000000000000e+03
3.156759977340698242e+00 4.095000000000000000e+03
3.269238948822021484e+00 4.095000000000000000e+03
3.359686851501464844e+00 4.095000000000000000e+03
3.462198972702026367e+00 4.095000000000000000e+03
3.570858955383300781e+00 4.095000000000000000e+03
3.657228946685791016e+00 4.095000000000000000e+03
3.757228851318359375e+00 4.095000000000000000e+03
3.865964889526367188e+00 4.095000000000000000e+03
4.033487081527709961e+00 4.095000000000000000e+03
4.071928024291992188e+00 4.095000000000000000e+03
4.156788825988769531e+00 4.095000000000000000e+03
4.322263002395629883e+00 4.095000000000000000e+03
4.356829881668090820e+00 4.095000000000000000e+03
4.465982913970947266e+00 4.095000000000000000e+03
4.617124080657958984e+00 4.095000000000000000e+03
4.675673007965087891e+00 4.095000000000000000e+03
4.759741783142089844e+00 4.095000000000000000e+03
4.918512105941772461e+00 4.095000000000000000e+03
4.972403764724731445e+00 4.095000000000000000e+03
5.081045866012573242e+00 4.095000000000000000e+03
5.239686727523803711e+00 4.095000000000000000e+03
5.273210048675537109e+00 4.095000000000000000e+03
5.367269039154052734e+00 4.095000000000000000e+03
5.518021106719970703e+00 4.095000000000000000e+03
5.560636758804321289e+00 4.095000000000000000e+03
5.662305831909179688e+00 4.095000000000000000e+03
5.812276840209960938e+00 4.095000000000000000e+03
5.857075929641723633e+00 4.095000000000000000e+03
5.968109846115112305e+00 4.095000000000000000e+03
6.054352998733520508e+00 4.095000000000000000e+03
6.165811777114868164e+00 4.095000000000000000e+03
6.265591859817504883e+00 4.095000000000000000e+03
6.374567747116088867e+00 4.095000000000000000e+03
6.473110914230346680e+00 4.095000000000000000e+03
6.557340860366821289e+00 4.095000000000000000e+03
6.721798896789550781e+00 4.095000000000000000e+03
6.754369020462036133e+00 4.095000000000000000e+03
6.856859683990478516e+00 4.095000000000000000e+03
6.965652942657470703e+00 4.095000000000000000e+03
7.070574998855590820e+00 4.095000000000000000e+03
7.156945705413818359e+00 4.095000000000000000e+03
7.331029891967773438e+00 4.095000000000000000e+03
7.364350795745849609e+00 4.095000000000000000e+03
7.473877906799316406e+00 4.095000000000000000e+03
7.568356990814208984e+00 4.095000000000000000e+03
7.679804086685180664e+00 4.095000000000000000e+03
7.763427019119262695e+00 4.095000000000000000e+03
7.915606975555419922e+00 4.095000000000000000e+03
7.963205099105834961e+00 4.095000000000000000e+03
8.074677944183349609e+00 4.095000000000000000e+03
8.166875123977661133e+00 4.095000000000000000e+03
8.290790796279907227e+00 4.095000000000000000e+03
8.378582954406738281e+00 4.095000000000000000e+03
8.504739046096801758e+00 4.095000000000000000e+03
8.554656982421875000e+00 4.095000000000000000e+03
8.664824008941650391e+00 4.095000000000000000e+03
8.774441957473754883e+00 4.095000000000000000e+03
8.859708786010742188e+00 4.095000000000000000e+03
8.968331813812255859e+00 4.095000000000000000e+03
9.094460010528564453e+00 4.095000000000000000e+03
9.158624887466430664e+00 4.095000000000000000e+03
9.273164987564086914e+00 4.095000000000000000e+03
9.382334947586059570e+00 4.095000000000000000e+03
9.457165956497192383e+00 4.095000000000000000e+03
9.573516845703125000e+00 4.095000000000000000e+03
9.716138839721679688e+00 4.095000000000000000e+03
9.766093015670776367e+00 4.095000000000000000e+03
9.873445987701416016e+00 4.095000000000000000e+03
9.956204891204833984e+00 4.095000000000000000e+03
1.007246780395507812e+01 4.095000000000000000e+03
1.015454673767089844e+01 4.095000000000000000e+03
1.035251593589782715e+01 4.095000000000000000e+03
1.037081694602966309e+01 4.095000000000000000e+03
1.046458196640014648e+01 4.095000000000000000e+03
1.061501097679138184e+01 4.095000000000000000e+03
1.065469789505004883e+01 4.095000000000000000e+03
1.077497887611389160e+01 4.095000000000000000e+03
1.091112685203552246e+01 4.095000000000000000e+03
1.095597481727600098e+01 4.095000000000000000e+03
1.106333684921264648e+01 4.095000000000000000e+03
1.121368288993835449e+01 4.095000000000000000e+03
1.127477693557739258e+01 4.095000000000000000e+03
1.138586378097534180e+01 4.095000000000000000e+03
1.151082992553710938e+01 4.095000000000000000e+03
1.156095504760742188e+01 4.095000000000000000e+03
1.167334604263305664e+01 4.095000000000000000e+03
1.175713706016540527e+01 4.095000000000000000e+03
1.186976408958435059e+01 4.095000000000000000e+03
1.197857880592346191e+01 4.095000000000000000e+03
1.210596895217895508e+01 4.095000000000000000e+03
1.217842888832092285e+01 4.095000000000000000e+03
1.226614189147949219e+01 4.095000000000000000e+03
1.241978287696838379e+01 4.095000000000000000e+03
1.246081781387329102e+01 4.095000000000000000e+03
1.257099390029907227e+01 4.095000000000000000e+03
1.265745282173156738e+01 4.095000000000000000e+03
1.276367783546447754e+01 4.095000000000000000e+03
1.287226891517639160e+01 4.095000000000000000e+03
1.295963692665100098e+01 4.095000000000000000e+03
1.307207489013671875e+01 4.095000000000000000e+03
1.316117906570434570e+01 4.095000000000000000e+03
1.326583790779113770e+01 4.095000000000000000e+03
1.336616897583007812e+01 4.095000000000000000e+03
1.350727081298828125e+01 4.095000000000000000e+03
1.356572675704956055e+01 4.095000000000000000e+03
1.365972185134887695e+01 4.095000000000000000e+03
1.376493573188781738e+01 4.095000000000000000e+03
1.387354207038879395e+01 4.095000000000000000e+03
1.396750307083129883e+01 4.095000000000000000e+03
1.407601785659790039e+01 4.095000000000000000e+03
1.416119790077209473e+01 4.095000000000000000e+03
1.425744986534118652e+01 4.095000000000000000e+03
1.435618400573730469e+01 4.095000000000000000e+03
1.446383285522460938e+01 4.095000000000000000e+03
1.455627679824829102e+01 4.095000000000000000e+03
1.466506099700927734e+01 4.095000000000000000e+03
1.475602388381958008e+01 4.095000000000000000e+03
1.485492300987243652e+01 4.095000000000000000e+03
1.496342706680297852e+01 4.095000000000000000e+03
1.506377577781677246e+01 4.095000000000000000e+03
1.517239689826965332e+01 4.095000000000000000e+03
1.525574684143066406e+01 4.095000000000000000e+03
1.536500597000122070e+01 4.095000000000000000e+03
1.546725893020629883e+01 4.095000000000000000e+03
1.556373286247253418e+01 4.095000000000000000e+03
1.576626801490783691e+01 4.095000000000000000e+03
1.576846194267272949e+01 4.095000000000000000e+03
1.585629677772521973e+01 4.095000000000000000e+03
1.596756982803344727e+01 4.095000000000000000e+03
1.606956291198730469e+01 4.095000000000000000e+03
1.617842984199523926e+01 4.095000000000000000e+03
1.626203370094299316e+01 4.095000000000000000e+03
1.637252593040466309e+01 4.095000000000000000e+03
1.647834277153015137e+01 4.095000000000000000e+03
1.656451702117919922e+01 4.095000000000000000e+03
1.667958593368530273e+01 4.095000000000000000e+03
1.676498699188232422e+01 4.095000000000000000e+03
1.693478703498840332e+01 4.095000000000000000e+03
1.696462583541870117e+01 4.095000000000000000e+03
1.707706475257873535e+01 4.095000000000000000e+03
1.716205191612243652e+01 4.095000000000000000e+03
1.727753782272338867e+01 4.095000000000000000e+03
1.741503286361694336e+01 4.095000000000000000e+03
1.745720887184143066e+01 4.095000000000000000e+03
1.755753183364868164e+01 4.095000000000000000e+03
1.766502904891967773e+01 4.095000000000000000e+03
1.782120490074157715e+01 4.095000000000000000e+03
1.786847877502441406e+01 4.095000000000000000e+03
1.797879076004028320e+01 4.095000000000000000e+03
1.806379985809326172e+01 4.095000000000000000e+03
1.816214895248413086e+01 4.095000000000000000e+03
1.827117395401000977e+01 4.095000000000000000e+03
1.836383676528930664e+01 4.095000000000000000e+03
1.846381592750549316e+01 4.095000000000000000e+03
1.857212376594543457e+01 4.095000000000000000e+03
1.867334294319152832e+01 4.095000000000000000e+03
1.877760672569274902e+01 4.095000000000000000e+03
1.886111402511596680e+01 4.095000000000000000e+03
1.898636102676391602e+01 4.095000000000000000e+03
1.905709695816040039e+01 4.095000000000000000e+03
1.916585183143615723e+01 4.095000000000000000e+03
1.929479289054870605e+01 4.095000000000000000e+03
1.938208603858947754e+01 4.095000000000000000e+03
1.946709704399108887e+01 4.095000000000000000e+03
1.958006691932678223e+01 4.095000000000000000e+03
1.966847205162048340e+01 4.095000000000000000e+03
1.976256775856018066e+01 4.095000000000000000e+03
1.989208102226257324e+01 4.095000000000000000e+03
1.997465682029724121e+01 4.095000000000000000e+03
2.005835390090942383e+01 4.095000000000000000e+03
2.018497776985168457e+01 4.095000000000000000e+03
2.027244091033935547e+01 4.095000000000000000e+03
2.035587501525878906e+01 4.095000000000000000e+03
2.050216007232666016e+01 4.095000000000000000e+03
2.056085705757141113e+01 4.095000000000000000e+03
2.066997981071472168e+01 4.095000000000000000e+03
2.076970577239990234e+01 4.095000000000000000e+03
2.087511801719665527e+01 4.095000000000000000e+03
2.097634196281433105e+01 4.095000000000000000e+03
2.109973788261413574e+01 4.095000000000000000e+03
2.115839982032775879e+01 4.095000000000000000e+03
2.127762699127197266e+01 4.095000000000000000e+03
2.137840604782104492e+01 4.095000000000000000e+03
2.145598292350769043e+01 4.095000000000000000e+03
2.156510305404663086e+01 4.095000000000000000e+03
2.169133782386779785e+01 4.095000000000000000e+03
2.177844595909118652e+01 4.095000000000000000e+03
2.186217093467712402e+01 4.095000000000000000e+03
2.196713995933532715e+01 4.095000000000000000e+03
2.205979585647583008e+01 4.095000000000000000e+03
2.217989087104797363e+01 4.095000000000000000e+03
2.226353096961975098e+01 4.095000000000000000e+03
2.236257100105285645e+01 4.095000000000000000e+03
2.247344779968261719e+01 4.095000000000000000e+03
2.263095593452453613e+01 4.095000000000000000e+03
2.267094492912292480e+01 4.095000000000000000e+03
2.275511908531188965e+01 4.095000000000000000e+03
2.286391091346740723e+01 4.095000000000000000e+03
2.295746397972106934e+01 4.095000000000000000e+03
2.307002687454223633e+01 4.095000000000000000e+03
2.319642090797424316e+01 4.095000000000000000e+03
2.325515890121459961e+01 4.095000000000000000e+03
2.336392188072204590e+01 4.095000000000000000e+03
2.351126694679260254e+01 4.095000000000000000e+03
2.356499695777893066e+01 4.095000000000000000e+03
2.367378282546997070e+01 4.095000000000000000e+03
2.376016402244567871e+01 4.095000000000000000e+03
2.386267590522766113e+01 4.095000000000000000e+03
2.396864771842956543e+01 4.095000000000000000e+03
2.411976385116577148e+01 4.095000000000000000e+03
2.417090892791748047e+01 4.095000000000000000e+03
2.425474500656127930e+01 4.095000000000000000e+03
2.436349487304687500e+01 4.095000000000000000e+03
2.446747088432312012e+01 4.095000000000000000e+03
2.457595109939575195e+01 4.095000000000000000e+03
2.466508483886718750e+01 4.095000000000000000e+03
2.477516889572143555e+01 4.095000000000000000e+03
2.485979485511779785e+01 4.095000000000000000e+03
2.501971387863159180e+01 4.095000000000000000e+03
2.506346583366394043e+01 4.095000000000000000e+03
2.515594267845153809e+01 4.095000000000000000e+03
2.526469278335571289e+01 4.095000000000000000e+03
2.536723399162292480e+01 4.095000000000000000e+03
2.547745871543884277e+01 4.095000000000000000e+03
2.556093478202819824e+01 4.095000000000000000e+03
2.567476487159729004e+01 4.095000000000000000e+03
2.575847887992858887e+01 4.095000000000000000e+03
2.590903282165527344e+01 4.095000000000000000e+03
2.596615481376647949e+01 4.095000000000000000e+03
2.606860685348510742e+01 4.095000000000000000e+03
2.621402692794799805e+01 4.095000000000000000e+03
2.626606392860412598e+01 4.095000000000000000e+03
2.637723898887634277e+01 4.095000000000000000e+03
2.651977181434631348e+01 4.095000000000000000e+03
2.657350587844848633e+01 4.095000000000000000e+03
2.665731596946716309e+01 4.095000000000000000e+03
2.680728697776794434e+01 4.095000000000000000e+03
2.686982488632202148e+01 4.095000000000000000e+03
2.695508694648742676e+01 4.095000000000000000e+03
2.706358480453491211e+01 4.095000000000000000e+03
2.716981792449951172e+01 4.095000000000000000e+03
2.727473974227905273e+01 4.095000000000000000e+03
2.735858297348022461e+01 4.095000000000000000e+03
2.746397781372070312e+01 4.095000000000000000e+03
2.757266712188720703e+01 4.095000000000000000e+03
2.765771985054016113e+01 4.095000000000000000e+03
2.775648093223571777e+01 4.095000000000000000e+03
2.786526679992675781e+01 4.095000000000000000e+03
2.801876688003540039e+01 4.095000000000000000e+03
2.806733775138854980e+01 4.095000000000000000e+03
2.819027876853942871e+01 2.699000000000000000e+03
2.831774306297302246e+01 2.683000000000000000e+03
2.836112189292907715e+01 2.678000000000000000e+03
2.847246193885803223e+01 2.672000000000000000e+03
2.861895394325256348e+01 2.687000000000000000e+03
2.868861413002014160e+01 4.095000000000000000e+03
2.875636291503906250e+01 4.095000000000000000e+03
2.886494898796081543e+01 4.095000000000000000e+03
2.896109414100646973e+01 4.095000000000000000e+03
2.907358503341674805e+01 4.095000000000000000e+03
2.915729713439941406e+01 4.095000000000000000e+03
2.926255893707275391e+01 2.673000000000000000e+03
2.937156486511230469e+01 2.673000000000000000e+03
2.945903396606445312e+01 2.669000000000000000e+03
2.955772686004638672e+01 2.664000000000000000e+03
2.966735100746154785e+01 2.653000000000000000e+03
2.981995892524719238e+01 2.640000000000000000e+03
2.986481285095214844e+01 2.655000000000000000e+03
2.995902895927429199e+01 2.655000000000000000e+03
3.006734776496887207e+01 2.658000000000000000e+03
